Sample	cutadapt_version	r_processed	r_with_adapters	r_written	bp_processed	quality_trimmed	bp_written	percent_trimmed
HL_5N2_t0_R1	3.4	54296	1485	54296	4703662	14806	4668630	0.7447814064871158
HL_5N2_t0_R2	3.4	49994	697	49994	4323734	14692	4300293	0.5421471348607477
HL_5N2_t0_R3	3.4	102954	1173	102954	8882282	27145	8840720	0.4679202934561186
HL_5N2_t0_R4	3.4	194395	2721	194395	16830892	58703	16738736	0.5475407958175954
HL_5N2_t1_R1	3.4	42270	673	42270	3654521	12629	3633348	0.5793645733599561
HL_5N2_t1_R2	3.4	119672	1564	119672	10348130	33047	10295691	0.5067485623006283
HL_5N2_t1_R3	3.4	19812	249	19812	1709826	5113	1701626	0.47958096320912186
HL_5N2_t1_R4	3.4	52458	682	52458	4533095	15996	4508509	0.5423667494283707
HL_5N2_t2_R1	3.4	197509	2710	197509	17070552	54220	16982139	0.5179270125535483
HL_5N2_t2_R2	3.4	126373	1140	126373	10851606	24534	10812704	0.3584907155678155
HL_5N2_t2_R3	3.4	120522	1360	120522	10400302	29951	10353472	0.4502753862339766
HL_5N2_t2_R4	3.4	242292	3103	242292	20909164	65234	20805705	0.49480218338715026
HL_5N2_t3_R1	3.4	176406	2318	176406	15302235	48198	15225337	0.5025278987023791
HL_5N2_t3_R2	3.4	107571	1445	107571	9310085	30544	9261605	0.5207256432137838
HL_5N2_t3_R3	3.4	97457	1843	97457	8450196	29496	8397341	0.6254884502087289
HL_5N2_t3_R4	3.4	164301	1898	164301	14191578	43382	14124786	0.47064533626915905
HL_5N2_t4_R1	3.4	40945	324	40945	3512892	7586	3501095	0.33582017323618263
HL_5N2_t4_R2	3.4	3093	33	3093	267374	999	265927	0.541189494864871
HL_5N2_t4_R3	3.4	39588	491	39588	3418080	10403	3401484	0.4855357393624491
HL_5N2_t4_R4	3.4	66175	1327	66175	5726827	17442	5691960	0.6088362718133444
HL_5N2_t5_R1	3.4	78233	1061	78233	6765905	23742	6728849	0.5476872643053664
HL_5N2_t5_R2	3.4	48660	597	48660	4204701	14094	4183207	0.5111897373915529
HL_5N2_t5_R3	3.4	20399	291	20399	1764487	5505	1755338	0.5185076455649716
HL_5N2_t5_R4	3.4	104963	1577	104963	9069970	25994	9023466	0.5127249593989837
HL_5N2_t6_R1	3.4	61220	843	61220	5293182	21781	5260804	0.6116925509079415
HL_5N2_t6_R2	3.4	104237	1595	104237	9015297	28546	8966832	0.5375862825151517
HL_5N2_t6_R3	3.4	70631	826	70631	6089532	20705	6058399	0.5112543952474509
HL_5N2_t6_R4	3.4	116202	3307	116202	10050277	27698	9977622	0.7229153982522074
HL_5N2_t7_R1	3.4	66320	827	66320	5721020	18407	5692209	0.5035990085684021
HL_5N2_t7_R2	3.4	33323	423	33323	2872636	8972	2858147	0.5043799492869964
HL_5N2_t7_R3	3.4	11377	171	11377	981762	2945	976590	0.5268079228978102
HL_5N2_t7_R4	3.4	36146	1036	36146	3131574	9141	3108241	0.7450885720727021
HL_5O2_t0_R1	3.4	40504	1141	40504	3512636	11293	3485644	0.7684257634437499
HL_5O2_t0_R2	3.4	78461	1089	78461	6787797	29280	6744809	0.6333129879989045
HL_5O2_t0_R3	3.4	24857	337	24857	2149642	7224	2138226	0.5310651727124795
HL_5O2_t0_R4	3.4	221043	3463	221043	19167767	70765	19054010	0.5934807116551448
HL_5O2_t1_R1	3.4	81190	2123	81190	7051671	24150	6999017	0.7466882672206346
HL_5O2_t1_R2	3.4	69024	868	69024	5962033	20814	5930301	0.5322345582454844
HL_5O2_t1_R3	3.4	243306	3678	243306	21074361	68841	20959979	0.5427542975087121
HL_5O2_t1_R4	3.4	186629	2208	186629	16098738	58004	16012898	0.5332094975394966
HL_5O2_t2_R1	3.4	86861	2281	86861	7528807	25229	7472810	0.7437698960804813
HL_5O2_t2_R2	3.4	116836	1618	116836	10114687	36602	10057626	0.5641400470424839
HL_5O2_t2_R3	3.4	156202	1780	156202	13495012	42018	13430897	0.4751014671198514
HL_5O2_t2_R4	3.4	126630	1934	126630	10977875	38050	10915800	0.5654555184860458
HL_5O2_t3_R1	3.4	24768	390	24768	2139325	7763	2126516	0.5987402568567188
HL_5O2_t3_R2	3.4	64075	804	64075	5540518	18401	5512014	0.5144645320166815
HL_5O2_t3_R3	3.4	47328	532	47328	4083042	12314	4064175	0.4620819477242703
HL_5O2_t3_R4	3.4	10208	122	10208	880827	2825	876445	0.4974870207203003
HL_5O2_t4_R1	3.4	12649	199	12649	1092512	3928	1085930	0.6024647784189099
HL_5O2_t4_R2	3.4	75488	1013	75488	6528781	20998	6494832	0.5199898725351639
HL_5O2_t4_R3	3.4	29611	343	29611	2556957	8074	2544638	0.48178362013909504
HL_5O2_t4_R4	3.4	34161	417	34161	2950080	10197	2934667	0.5224604078533464
HL_5O2_t5_R1	3.4	37973	567	37973	3291049	12103	3271928	0.5810001613467317
HL_5O2_t5_R2	3.4	28477	360	28477	2462970	8799	2449650	0.5408104849023739
HL_5O2_t5_R3	3.4	111799	1296	111799	9651158	28709	9606162	0.46622384588460786
HL_5O2_t5_R4	3.4	42334	560	42334	3649933	11613	3631177	0.5138724464257288
HL_5O2_t6_R1	3.4	43012	609	43012	3724725	14312	3702766	0.5895468792998141
HL_5O2_t6_R2	3.4	4273	87	4273	366780	1744	363848	0.7993892796771906
HL_5O2_t6_R3	3.4	76218	962	76218	6593065	21246	6559810	0.5043936317934072
HL_5O2_t6_R4	3.4	69572	857	69572	6004064	19332	5973968	0.5012604795685056
HL_5O2_t7_R1	3.4	2442	32	2442	208050	1223	206357	0.8137466955058881
HL_5O2_t7_R2	3.4	7745	122	7745	669386	2439	665372	0.5996540112879564
HL_5O2_t7_R3	3.4	49390	432	49390	4237558	9523	4222427	0.3570688589985081
HL_5O2_t7_R4	3.4	104517	1591	104517	9040574	30016	8990420	0.5547656597910707
LD_N2_t0_R1	3.4	151234	1932	151234	13107216	44445	13039325	0.5179665918376565
LD_N2_t0_R2	3.4	46917	593	46917	4061931	13300	4041500	0.5029873722621089
LD_N2_t1_R1	3.4	65045	985	65045	5643079	20381	5610787	0.5722407926594684
LD_N2_t1_R2	3.4	37681	488	37681	3262152	10474	3245630	0.5064754799898963
LD_N2_t2_R1	3.4	60894	880	60894	5274842	20970	5243169	0.6004540041199338
LD_N2_t2_R2	3.4	105893	1552	105893	9185063	33223	9133193	0.5647212218359308
LD_N2_t3_R1	3.4	37212	449	37212	3217536	11078	3201090	0.5111364721327127
LD_N2_t3_R2	3.4	2840	38	2840	244782	1541	242747	0.8313519784951509
LD_N2_t4_R1	3.4	95645	1233	95645	8275992	28515	8232470	0.5258825769768748
LD_N2_t4_R2	3.4	3869	63	3869	335205	1478	332885	0.6921137811190167
LD_N2_t5_R1	3.4	23639	362	23639	2051543	7885	2039272	0.5981351597309927
LD_N2_t5_R2	3.4	152551	1945	152551	13200138	54293	13121792	0.5935240980056421
pool_t0_R1	3.4	37708	557	37708	3266359	10842	3248343	0.5515621522312765
pool_t0_R2	3.4	13095	376	13095	1136667	3707	1127922	0.7693546130924888
pool_t0_R3	3.4	7538	200	7538	654841	1981	650104	0.7233817063989579
pool_t1_R1	3.4	540090	13793	540090	46983572	166756	46637589	0.7363914348615299
pool_t1_R2	3.4	634010	12064	634010	54988681	184548	54652191	0.6119259343572907
pool_t1_R3	3.4	484253	12648	484253	42067623	146909	41754374	0.7446320416059639
