Sample	featureCounts_mqc-generalstats-featurecounts-percent_assigned	featureCounts_mqc-generalstats-featurecounts-Assigned	Cutadapt_mqc-generalstats-cutadapt-percent_trimmed	FastQC_mqc-generalstats-fastqc-percent_duplicates	FastQC_mqc-generalstats-fastqc-percent_gc	FastQC_mqc-generalstats-fastqc-avg_sequence_length	FastQC_mqc-generalstats-fastqc-median_sequence_length	FastQC_mqc-generalstats-fastqc-percent_fails	FastQC_mqc-generalstats-fastqc-total_sequences
HL_5N2_t0_R1	88.33594253614513	47962	0.7447814064871158	88.99346164471866	45.0	22.98314761948614	20	54.54545454545454	54295.0
HL_5N2_t0_R2	85.40395655391755	42696	0.5421471348607477	86.02404336607125	45.0	24.310643490088612	20	45.45454545454545	49993.0
HL_5N2_t0_R3	90.50024283632831	93170	0.4679202934561186	91.6930548810102	46.0	22.167887323943663	20	54.54545454545454	102950.0
HL_5N2_t0_R4	88.32147578848814	171689	0.5475407958175954	91.11738712183177	46.0	22.59425590690927	20	54.54545454545454	194391.0
HL_5N2_t1_R1	87.31781184932802	36904	0.5793645733599561	88.17196668559531	45.0	23.514149157675565	20	45.45454545454545	42264.0
HL_5N2_t1_R2	88.41136802346472	105801	0.5067485623006283	90.2581286715858	46.0	22.887197185570198	20	45.45454545454545	119669.0
HL_5N2_t1_R3	89.62940523073816	17752	0.47958096320912186	88.27123094011915	45.0	22.357467434110877	20	45.45454545454545	19806.0
HL_5N2_t1_R4	86.97591946462278	45618	0.5423667494283707	88.08579599618685	45.0	23.32610104861773	20	63.63636363636363	52450.0
HL_5N2_t2_R1	89.03178115206043	175844	0.5179270125535483	91.591690421099	45.0	22.52583452738384	20	45.45454545454545	197507.0
HL_5N2_t2_R2	91.79162940864597	115998	0.3584907155678155	93.37585363730602	46.0	22.043237768158836	20	54.54545454545454	126371.0
HL_5N2_t2_R3	90.079654829074	108564	0.4502753862339766	91.7772983737139	46.0	22.164819117158977	20	54.54545454545454	120520.0
HL_5N2_t2_R4	90.53778529860911	219364	0.49480218338715026	93.10248049857609	46.0	22.03721986049775	20	45.45454545454545	242290.0
HL_5N2_t3_R1	87.27523185415296	153957	0.5025278987023791	90.40668012063219	45.0	22.95654293553434	20	45.45454545454545	176404.0
HL_5N2_t3_R2	88.43997806059366	95134	0.5207256432137838	90.32342031626212	46.0	22.651433033680707	20	54.54545454545454	107569.0
HL_5N2_t3_R3	87.00747003776063	84794	0.6254884502087289	88.90268428829421	45.0	23.544060909538665	20	45.45454545454545	97456.0
HL_5N2_t3_R4	88.71143464050299	145752	0.47064533626915905	90.8526527854704	45.0	22.928222326368388	20	45.45454545454545	164299.0
HL_5N2_t4_R1	92.51398285421195	37878	0.33582017323618263	92.2941650587402	46.0	22.143711989839534	20	54.54545454545454	40943.0
HL_5N2_t4_R2	87.04663212435233	2688	0.541189494864871	83.58160621761658	47.0	22.598445595854923	20	45.45454545454545	3088.0
HL_5N2_t4_R3	90.17329358864245	35696	0.4855357393624491	90.18845046228465	45.0	22.19511948668721	20	45.45454545454545	39586.0
HL_5N2_t4_R4	88.24996221852803	58395	0.6088362718133444	89.16276258123017	45.0	23.015112588786458	20	45.45454545454545	66170.0
HL_5N2_t5_R1	87.33141578779163	68315	0.5476872643053664	88.87440076701822	46.0	23.133525087887502	20	54.54545454545454	78225.0
HL_5N2_t5_R2	89.10174717368962	43348	0.5111897373915529	90.29188078108942	47.0	22.534059609455294	20	54.54545454545454	48650.0
HL_5N2_t5_R3	88.70366738576192	18092	0.5185076455649716	87.65504731087906	45.0	22.635485610629015	20	54.54545454545454	20397.0
HL_5N2_t5_R4	90.25542820666725	94733	0.5127249593989837	91.80933870675774	45.0	22.092605825020723	20	54.54545454545454	104961.0
HL_5N2_t6_R1	87.95595994576671	53844	0.6116925509079415	89.12230262835487	46.0	22.999460934054266	20	54.54545454545454	61217.0
HL_5N2_t6_R2	89.52539023150058	93315	0.5375862825151517	92.15123809158328	48.0	22.452332754501935	20	54.54545454545454	104233.0
HL_5N2_t6_R3	91.00382273821323	64276	0.5112543952474509	91.97649723913351	45.0	21.88973523998301	20	45.45454545454545	70630.0
HL_5N2_t6_R4	91.28032565384649	106065	0.7229153982522074	92.88191605635257	46.0	21.909791130579965	20	54.54545454545454	116197.0
HL_5N2_t7_R1	88.11128703913141	58431	0.5035990085684021	89.86805398476966	46.0	23.18528236447259	20	54.54545454545454	66315.0
HL_5N2_t7_R2	87.17063801692575	29047	0.5043799492869964	88.03493187683813	47.0	24.016985775163555	20	54.54545454545454	33322.0
HL_5N2_t7_R3	89.54633374362582	10185	0.5268079228978102	87.62088974854932	46.0	22.290135396518377	20	54.54545454545454	11374.0
HL_5N2_t7_R4	89.81489167427576	32460	0.7450885720727021	89.92280235743338	46.0	22.520572203314796	20	54.54545454545454	36141.0
HL_5O2_t0_R1	88.9138539789141	36011	0.7684257634437499	89.03977679563468	46.0	22.67040319992099	20	54.54545454545454	40501.0
HL_5O2_t0_R2	87.72097528645534	68825	0.6333129879989045	88.99680087689111	46.0	23.037510037089437	20	54.54545454545454	78459.0
HL_5O2_t0_R3	87.75148881377757	21808	0.5310651727124795	86.96334446545688	46.0	22.97066752504728	20	63.63636363636363	24853.0
HL_5O2_t0_R4	88.16000796239578	194868	0.5934807116551448	91.07442578006597	46.0	22.686313275032912	20	54.54545454545454	221039.0
HL_5O2_t1_R1	87.00391693149065	70635	0.7466882672206346	88.47091863129111	45.0	23.36466878525854	20	54.54545454545454	81186.0
HL_5O2_t1_R2	87.76536393803707	60566	0.5322345582454844	89.08982886290194	46.0	23.18065759538611	20	54.54545454545454	69009.0
HL_5O2_t1_R3	88.60807878209977	215587	0.5427542975087121	91.51678558511163	46.0	22.578962943478118	20	54.54545454545454	243304.0
HL_5O2_t1_R4	90.58437731077127	169054	0.5332094975394966	92.5840986786407	46.0	22.123659082871626	20	54.54545454545454	186626.0
HL_5O2_t2_R1	88.33830318799866	76728	0.7437698960804813	89.82120036381639	45.0	22.853748114717295	20	54.54545454545454	86857.0
HL_5O2_t2_R2	86.76002328208992	101360	0.5641400470424839	88.81518129215598	46.0	23.551939603519703	20	45.45454545454545	116828.0
HL_5O2_t2_R3	88.58834827144686	138375	0.4751014671198514	90.64980793854033	46.0	22.925685019206146	20	45.45454545454545	156200.0
HL_5O2_t2_R4	87.73563300086079	111097	0.5654555184860458	89.78653841597763	45.0	23.10521452770736	20	54.54545454545454	126627.0
HL_5O2_t3_R1	85.92601566917051	21277	0.5987402568567188	86.2046684435829	45.0	24.272352798643084	20	45.45454545454545	24762.0
HL_5O2_t3_R2	87.71206942298387	56198	0.5144645320166815	88.62199747155499	45.0	23.234755193457257	20	45.45454545454545	64071.0
HL_5O2_t3_R3	90.26348595938893	42719	0.4620819477242703	90.39237644473556	46.0	22.371923003782197	20	54.54545454545454	47327.0
HL_5O2_t3_R4	88.87473044501078	9067	0.4974870207203003	86.37522054499118	46.0	22.673201333071948	20	54.54545454545454	10202.0
HL_5O2_t4_R1	84.75407243397122	10718	0.6024647784189099	83.68654119879804	45.0	24.539933575834254	20	54.54545454545454	12646.0
HL_5O2_t4_R2	87.65682339069724	66166	0.5199898725351639	89.13530198852722	45.0	23.192321449862884	20	45.45454545454545	75483.0
HL_5O2_t4_R3	88.91515806538773	26326	0.48178362013909504	88.48284247500675	46.0	22.551067279113752	20	45.45454545454545	29608.0
HL_5O2_t4_R4	85.94179987118684	29356	0.5224604078533464	86.98694302945137	46.0	23.958018619357105	20	54.54545454545454	34158.0
HL_5O2_t5_R1	86.54884504964838	32860	0.5810001613467317	87.37061132035716	46.0	23.615139463218057	20	54.54545454545454	37967.0
HL_5O2_t5_R2	85.78954762573757	24426	0.5408104849023739	86.24964877774656	45.0	23.953357684742905	20	45.45454545454545	28472.0
HL_5O2_t5_R3	90.16655932445971	100799	0.46622384588460786	91.99853298983827	46.0	22.280681980821527	20	54.54545454545454	111792.0
HL_5O2_t5_R4	89.08575478384124	37710	0.5138724464257288	90.19844082211198	47.0	22.92652964800378	20	54.54545454545454	42330.0
HL_5O2_t6_R1	86.04780950609245	37004	0.5895468792998141	87.56627290484606	47.0	24.214538182494653	20	54.54545454545454	43004.0
HL_5O2_t6_R2	73.87535145267104	3153	0.7993892796771906	74.08622305529522	44.0	30.82286785379569	20	45.45454545454545	4268.0
HL_5O2_t6_R3	88.70650291292709	67605	0.5043936317934072	90.78491576129743	47.0	22.95310449797932	20	54.54545454545454	76212.0
HL_5O2_t6_R4	87.95998160073597	61192	0.5012604795685056	89.56991720331186	47.0	23.50066122355106	20	54.54545454545454	69568.0
HL_5O2_t7_R1	50.02051702913418	1219	0.8137466955058881	61.87935986869101	44.0	42.565449322938036	20	45.45454545454545	2437.0
HL_5O2_t7_R2	88.31353305785123	6839	0.5996540112879564	84.86570247933884	46.0	22.84168388429752	20	54.54545454545454	7744.0
HL_5O2_t7_R3	90.61107961448126	44751	0.3570688589985081	92.44148376123755	47.0	22.78841014011501	20	54.54545454545454	49388.0
HL_5O2_t7_R4	89.2047574850013	93227	0.5547656597910707	92.03609258532758	48.0	22.35889731984805	20	54.54545454545454	104509.0
LD_N2_t0_R1	89.35420303655505	135125	0.5179665918376565	91.39752949267312	45.0	22.51364862720203	20	54.54545454545454	151224.0
LD_N2_t0_R2	89.9516125594185	42199	0.5029873722621089	90.08377208876004	46.0	22.371410909555987	20	45.45454545454545	46913.0
LD_N2_t1_R1	88.62546125461255	57642	0.5722407926594684	89.48031980319803	45.0	22.848370233702337	20	45.45454545454545	65040.0
LD_N2_t1_R2	90.18233935822916	33978	0.5064754799898963	90.16641452344932	45.0	22.164822039971334	20	45.45454545454545	37677.0
LD_N2_t2_R1	90.12761344786243	54876	0.6004540041199338	90.9389524857523	45.0	21.93151247392711	20	45.45454545454545	60887.0
LD_N2_t2_R2	89.1851054386114	94439	0.5647212218359308	90.9284075133864	44.0	22.542690124750923	20	45.45454545454545	105891.0
LD_N2_t3_R1	91.13900236508277	33911	0.5111364721327127	90.8487422059772	44.0	21.956568479896795	20	45.45454545454545	37208.0
LD_N2_t3_R2	87.47795414462081	2480	0.8313519784951509	82.25749559082892	44.0	22.886067019400354	20	36.36363636363637	2835.0
LD_N2_t4_R1	90.71394215688325	86757	0.5258825769768748	92.11095891843286	43.0	22.138771839939775	20	63.63636363636363	95639.0
LD_N2_t4_R2	88.0755302638386	3405	0.6921137811190167	83.62648732540093	43.0	22.86445938954992	20	45.45454545454545	3866.0
LD_N2_t5_R1	87.92096801489254	20781	0.5981351597309927	87.95481468945675	43.0	22.62370959553224	20	54.54545454545454	23636.0
LD_N2_t5_R2	90.98424061254458	138791	0.5935240980056421	93.33962659953849	43.0	21.78491451646738	20	54.54545454545454	152544.0
pool_t0_R1	90.02731878099885	33943	0.5515621522312765	89.93714028061427	45.0	22.058403840543193	20	45.45454545454545	37703.0
pool_t0_R2	91.13334351611425	11933	0.7693546130924888	89.19352375133649	45.0	21.79822819612036	20	45.45454545454545	13094.0
pool_t0_R3	89.08053602229003	6714	0.7233817063989579	85.8299057980629	45.0	22.466233249303436	20	45.45454545454545	7537.0
pool_t1_R1	88.39934085059897	477436	0.7363914348615299	92.34201707122887	45.0	22.70641189431391	20	54.54545454545454	540090.0
pool_t1_R2	89.15723460902701	565264	0.6119259343572907	92.99504107203694	45.0	22.509350039747133	20	45.45454545454545	634008.0
pool_t1_R3	89.56760027341193	433732	0.7446320416059639	93.08684958833332	45.0	22.32715265430531	20	54.54545454545454	484251.0
